2.312001
2.311722
2.291582
2.290788
2.220051
2.158196
2.030482
2.003263
1.931100
1.765102
1.643998
1.547801
1.490890
1.307023
1.138656
0.959149
0.785283
0.435491
0.707039
0.583331
0.845269
0.460695
0.290136
0.314279
0.600724
0.410447
0.298694
0.448448
0.510582
0.332293
0.387877
0.144535
0.312926
0.443264
0.217481
0.339551
0.330729
0.293907
0.230727
0.202518
0.186616
0.382136
0.397734
0.247186
0.367685
0.243296
0.274412
0.299254
0.169819
0.313891
0.104451
0.352758
0.181252
0.270935
0.093242
0.341809
0.255418
0.282442
0.440772
0.144747
0.178550
0.135811
0.273425
0.091792
0.221514
0.083454
0.142019
0.104215
0.465640
0.211993
0.310632
0.206181
0.238451
0.227418
0.150368
0.279040
0.253413
0.282055
0.242758
0.374253
0.067053
0.357593
0.305130
0.211758
0.304533
0.166352
0.462883
0.463353
0.217605
0.371966
0.113388
0.195294
0.166177
0.108464
0.524563
0.210688
0.027493
0.139874
0.050736
0.028723
0.284949
0.327767
0.325890
0.070985
0.043270
0.035404
0.024232
0.503117
0.147729
0.323377
0.118263
0.067097
0.198509
0.209027
0.088984
0.203997
0.180616
0.311001
0.126711
0.200394
0.228932
0.086233
0.109235
0.271943
0.153719
0.097061
0.356327
0.213487
0.106217
0.167395
0.351073
0.247369
0.075144
0.264734
0.093798
0.207537
0.159288
0.249258
0.193915
0.234923
0.109023
0.117382
0.203354
0.344773
0.086437
0.068899
0.399704
0.295825
0.161141
0.075017
0.076294
0.128351
0.150986
0.241236
0.283903
0.137189
0.076482
0.279413
0.144625
0.259823
0.191830
0.205813
0.101515
0.067583
0.081309
0.061045
0.107169
0.159182
0.046490
0.152064
0.129385
0.170822
0.223014
0.087101
0.148092
0.181468
0.070553
0.198224
0.119259
0.159706
0.077075
0.347352
0.085154
0.136949
0.157944
0.103042
0.152404
0.082700
0.050243
0.064439
0.195508
0.258240
0.199042
0.305914
0.065473
0.233145
0.204675
0.084748
0.209017
0.111513
0.191284
0.121323
0.173690
0.167409
0.013338
0.123467
0.203304
0.275796
0.086463
0.241877
0.037135
0.138695
0.031082
0.036815
0.153582
0.079332
0.130513
0.072640
0.039206
0.214522
0.023412
0.092222
0.204554
0.033387
0.087490
0.120322
0.108393
0.093264
0.030329
0.015687
0.158773
0.110168
0.056511
0.066120
0.297846
0.086781
0.071891
0.131125
0.140028
0.137349
0.114409
0.048107
0.025904
0.048491
0.191337
0.083082
0.202421
0.133353
0.104748
0.175149
0.032592
0.010423
0.160642
0.028933
0.216337
0.091165
0.115464
0.319660
0.230655
0.119851
0.263593
0.050545
0.116524
0.204813
0.145168
0.285870
0.311329
0.184227
0.098924
0.047399
0.126803
0.209054
0.139502
0.038560
0.072579
0.212506
0.182047
0.153017
0.135945
0.122011
0.094872
0.148101
0.065662
0.090785
0.216667
0.152256
0.185085
0.137432
0.129145
0.160760
0.219907
0.094376
0.321030
0.093444
0.137096
0.055154
0.091663
0.202888
0.080684
0.040927
0.145852
0.154702
0.075327
0.054140
0.082709
0.080971
0.370926
0.134792
0.128886
0.074398
0.114250
0.179257
0.206595
0.125731
0.138068
0.061714
0.155099
0.211889
0.087908
0.162345
0.133370
0.048340
0.051766
0.235407
0.111120
0.103405
0.112735
0.091955
0.183288
0.016335
0.070000
0.074986
0.152125
0.216134
0.116591
0.096074
0.156966
0.187068
0.027226
0.023834
0.052674
0.005073
0.051136
0.101813
0.213063
0.074316
0.115283
0.195917
0.260899
0.091751
0.070827
0.094255
0.028914
0.042933
0.231164
0.047337
0.304302
0.236292
0.120326
0.223252
0.260566
0.120780
0.167850
0.091384
0.095971
0.031241
0.113403
0.124031
0.236149
0.081509
0.258404
0.175503
0.031111
0.100265
0.140120
0.031508
0.097183
0.306713
0.071148
0.052301
0.115487
0.042014
0.058273
0.131777
0.156262
0.109502
0.054729
0.132421
0.033577
0.047787
0.038992
0.220799
0.104168
0.352416
0.102842
0.056580
0.100652
0.104609
0.174825
0.057884
0.082223
0.141438
0.062373
0.090481
0.058528
0.149741
0.186339
0.071978
0.174653
0.222531
0.080369
0.146579
0.215965
0.149840
0.235004
0.096613
0.073214
0.041554
0.037907
0.075942
0.022407
0.129392
0.079485
0.062255
0.170543
0.219689
0.176924
0.060578
0.207736
0.113785
0.098120
0.042612
0.064823
0.028505
0.143612
0.167312
0.179465
0.043258
0.122315
0.066846
0.035581
0.361235
0.067028
0.023132
0.225093
0.010363
0.057762
0.069485
0.151845
0.053595
0.051803
0.110087
0.020796
0.096755
0.194491
0.106135
0.100243
0.109861
0.076812
0.100037
0.103632
0.132970
0.130573
0.455485
0.245870
0.037295
0.117145
0.074586
0.120253
0.040557
0.132263
0.125429
0.277637
0.060034
0.206682
0.135368
0.065114
0.049076
0.072609
0.084178
0.227321
0.089268
0.028967
0.043071
0.065594
0.079017
0.016451
0.006033
0.014362
0.177186
0.449163
0.218915
0.102475
0.005011
0.168199
0.315294
0.050955
0.077593
0.203267
0.223662
0.101615
0.039198
0.261753
0.135515
0.237376
0.082124
0.072294
0.057685
0.049614
0.010360
0.001342
0.003118
0.204679
0.028345
0.162823
0.117694
0.059852
0.119302
0.010191
0.141708
0.140692
0.095013
0.091351
0.063201
0.027879
0.019381
0.103095
0.064072
0.270769
0.387394
0.155132
0.044937
0.184141
0.118980
0.110165
0.059710
0.151575
0.050389
0.145807
0.133888
0.101983
0.076241
0.125553
0.017296
0.078948
0.224312
0.019048
0.078545
0.072428
0.072518
0.004577
0.056410
0.073275
0.099265
0.059943
0.151996
0.041521
0.063358
0.171203
0.146348
0.128005
0.066668
0.077529
0.073789
0.114803
0.077848
0.075845
0.071687
0.085153
0.069300
0.033840
0.036808
0.077179
0.068967
0.138042
0.128852
0.212305
0.098210
0.169249
0.048875
0.135206
0.030646
0.022846
0.022461
0.014496
0.015973
0.002914
0.002847
0.054143
0.000031
0.000514
0.002300
0.033393
0.015274
0.039340
0.000593
0.002076
0.366663
0.003780
0.256956
